"","X1","X2","X3"
"1",55,2372.170191948,538.188390061643
"2",65,2741.14435579688,557.656440387523
"3",75,3114.02420559,579.719115605204
"4",85,3480.98868342488,596.925793460023
"5",95,3855.927895845,609.742967794379
"6",105,4226.1065010225,614.096133260418
"7",115,4603.06593722,625.54603031385
"8",125,4978.539503642,629.183865044553
"9",135,5349.78286198888,634.617915063453
"10",145,5707.50716804737,629.080849086428
"11",155,6074.03131006188,625.954220976708
"12",165,6437.17749750638,618.676352101443
"13",175,6811.27186303263,604.67258527984
"14",185,7187.71531388137,587.654603886047
"15",195,7565.6092985525,574.263426895653
"16",205,7937.01284071787,557.841689382633
"17",215,8320.758890755,536.199480711493
"18",225,8687.578946335,512.304267533906
"19",235,9053.73464115875,489.998893175158
"20",245,9417.0659189975,462.877960706309
"21",255,9795.05097082625,422.618243706674
"22",265,10166.3839667793,385.248133022802
"23",275,10541.2855054305,331.037603733328
"24",285,10902.7838587287,254.558414991592
"25",295,11269.0876615349,238.343625304397
"26",305,11619.9854175808,310.219871229556
"27",310,11798.1635578195,340.391816475381
"28",452,16794.8273413335,656.796776811326
"29",454,16864.1751249386,658.580713075102
"30",462,17148.0443523233,661.223388408675
"31",465,17254.3084241269,666.01048200864
"32",486,18031.9985664732,667.274885741501
"33",504,18773.7082303946,678.71300851569
"34",522,19516.8068191295,681.011832795324
"35",537,20192.0593111339,667.439463049237
"36",552,20921.2852656838,630.295097176091
"37",558,21209.8309949944,610.533948921852
"38",564,21504.6573028229,590.693082547328
"39",569,21740.3011140392,575.649113799723
"40",571,21834.2083687186,569.214883970948
"41",576,22071.1225548589,551.708702372582
"42",591,22791.1074179645,476.758729728108
"43",612,23797.1360809613,310.166529588784
"44",630,24885.4320062606,431.422863366391
"45",632,25025.3636306012,435.79643656088
"46",634,25165.2952549417,468.823442261159
"47",640,25591.3662023382,545.948455302831
"48",648,26150.7924127762,593.378673085394
"49",660,26996.6066884893,673.453390962447
"50",672,27824.427080681,690.723679592599
"51",681,28457.3509694394,704.50894764943
"52",689,29028.9503548168,701.583859120493
"53",693,29309.6138812129,688.597436012701
"54",704,30088.1302740729,645.692571396968
"55",710,30509.5144733924,621.329660998744
"56",716,30934.4071116219,573.444469857126
"57",722,31317.7514876504,530.36896377438
"58",731,31774.7826159847,466.963732687446
"59",740,32216.7770559281,405.596332126508
"60",752,32685.8540115556,386.991104086797
"61",764,33156.2440339126,363.601056300396
"62",779,33722.5014218753,318.935963216907
"63",794,34338.430509136,337.158973981485
"64",800,34586.0408784424,347.288689837223
"65",809,35034.6987577923,370.322764123437
"66",818,35478.5444697065,377.932831825
"67",833,36424.9520858583,534.89834741244
"68",851,37605.419635512,664.640035177283
"69",869,38774.6594833987,713.923821367474
"70",887,39951.8258126524,874.115119297132
"71",902,40937.3535873168,1003.47664905031
"72",911,41510.5507563536,1064.62983649833
"73",923,42122.2491282469,1143.15631912928
"74",932,42574.5393483806,1306.9228822594
"75",941,43026.8295685144,1544.65628229614
"76",950,43479.1197886482,1827.71803097643
"77",959,43931.4100087819,2138.1809865237
"78",968,44383.7002289157,2465.71637086715
"79",983,45137.5172624719,3034.4392773558
"80",995,45740.5708893169,3501.94552401787
"81",1007,46343.6245161619,3976.34116531284
"82",1022,47097.4415497182,4575.75772143988
"83",1034,47700.4951765631,5058.8460715179
"84",1049,48454.3122101194,5665.82439173202
"85",1070,49509.6560570982,6519.67893630962
"86",1091,50564.9999040769,7376.80148157634
"87",1103,51168.0535309219,7867.64219984026
"88",1118,51921.8705644782,8482.02347865749
"89",1136,52826.4510047456,9220.25541342077
"90",1154,53731.0314450131,9959.32707190383
"91",1169,54484.8484785694,10575.7345723398
"92",1184,55238.6655121256,11192.527337854
"93",1188,55439.6833877407,11357.0624667695
"94",1195,55791.4646700669,11645.0514424853
"95",1243,58203.6791774469,13621.3121179291
"96",1245,58304.1881152544,13703.7027457061
"97",1248,58454.9515219657,13827.2945528197
"98",1250,58555.4604597732,13909.6929201244
"99",1253,58706.2238664844,14033.2960800221
"100",1255,58806.7328042919,14115.7018495143
"101",1258,58957.4962110031,14239.3158709056
"102",1260,59058.0051488106,14321.7287245407
"103",1263,59208.7685555219,14445.3531440397
"104",1265,59309.2774933294,14527.772781711
"105",1268,59460.0409000407,14651.4071618854
"106",1270,59560.5498378481,14733.8333001783
"107",1273,59711.3132445594,14857.47722776
"108",1275,59811.8221823669,14939.9095988093
"109",1278,59962.5855890782,15063.5626830507
"110",1280,60063.0945268857,15146.0010334901
"111",1283,60213.8579335969,15269.6629046527
"112",1285,60314.3668714044,15352.1069946474
"113",1288,60465.1302781156,15475.7773026102
"114",1290,60565.6392159231,15558.2269049675
"115",1293,60716.4026226344,15681.9053179446
"116",1295,60816.9115604419,15764.3602172921
"117",1300,61068.1839049606,15970.5064126771
"118",1325,62324.5456275544,17001.4142324237
"119",1328,62475.3090342657,17125.1414033421
"120",1330,62575.8179720731,17207.628198438
"121",1333,62726.5813787844,17331.3613552808
"122",1335,62827.0903165919,17413.852069879
"123",1338,62977.8537233032,17537.5910019852
"124",1340,63078.3626611107,17620.0854989502
"125",1343,63229.1260678219,17743.8300054199
"126",1345,63329.6350056294,17826.3281539338
"127",1348,63480.3984123406,17950.0780430698
"128",1350,63580.9073501481,18032.5797182734
"129",1353,63731.6707568594,18156.3348070608
"130",1355,63832.1796946669,18238.8398897181
"131",1358,63982.9431013782,18362.6000033387
"132",1360,64083.4520391856,18445.1083795241
"133",1363,64234.2154458969,18568.8733509029
"134",1365,64334.7243837044,18651.3849117094
"135",1368,64485.4877904157,18775.154581091
"136",1370,64585.9967282232,18857.6692223569
"137",1373,64736.7601349344,18981.4434369094
"138",1375,64837.2690727419,19063.9610589627
"139",1378,64988.0324794531,19187.7396724066
"140",1380,65088.5414172606,19270.2601798262
"141",1383,65239.3048239719,19394.0430520879
"142",1385,65339.8137617794,19476.5663534793
"143",1388,65490.5771684907,19600.353350365
"144",1390,65591.0861062982,19682.8793581503
"145",1393,65741.8495130094,19806.6703510414
"146",1395,65842.3584508169,19889.1989812624
"147",1398,65993.1218575282,20012.9938468289
"148",1400,66093.6307953356,20095.5250189622
"149",1425,67349.9925179294,21127.2448484452
"150",1428,67500.7559246406,21251.0606243772
"151",1430,67601.2648624482,21333.6055286967
"152",1433,67752.0282691594,21457.4244414021
"153",1435,67852.5372069669,21539.9714067743
"154",1438,68003.3006136781,21663.7933667846
"155",1440,68103.8095514857,21746.3423347009
"156",1443,68254.5729581969,21870.1672559157
"157",1445,68355.0818960044,21952.7181700601
"158",1448,68505.8453027157,22076.5459695907
"159",1450,68606.3542405232,22159.0987757378
"160",1453,68757.1176472344,22282.9293737585
"161",1455,68857.6265850419,22365.4840196777
"162",1458,69008.3899917532,22489.3173392858
"163",1460,69108.8989295606,22571.8737746502
"164",1463,69259.6623362719,22695.7097417336
"165",1465,69360.1712740794,22778.2679180344
"166",1468,69510.9346807907,22902.1064611462
"167",1470,69611.4436185981,22984.6663316113
"168",1473,69762.2070253094,23108.5073818511
"169",1475,69862.7159631169,23191.0689013678
"170",1478,70013.4793698281,23314.9123922693
"171",1480,70113.9883076356,23397.4755173118
"172",1483,70264.7517143469,23521.3213847362
"173",1485,70365.2606521544,23603.8860732964
"174",1488,70516.0240588656,23727.7342553316
"175",1490,70616.5329966732,23810.3004668534
"176",1493,70767.2964033844,23934.1509037183
"177",1495,70867.8053411919,24016.7185990354
"178",1498,71018.5687479031,24140.571232989
"179",1500,71119.0776857107,24223.1403742661
"180",1515,71872.8947192669,24842.4266501131
"181",1518,72023.6581259782,24966.2875328827
"182",1520,72124.1670637856,25048.8621043618
"183",1523,72274.9304704969,25172.7249232437
"184",1525,72375.4394083044,25255.3007696037
"185",1528,72526.2028150157,25379.1654774295
"186",1530,72626.7117528231,25461.7425677367
"187",1533,72777.4751595344,25585.609118857
"188",1535,72877.9840973419,25668.1874231699
"189",1538,73028.7475040531,25792.0557733938
"190",1540,73129.2564418606,25874.6352627239
"191",1543,73280.0198485719,25998.5053692614
"192",1545,73380.5287863794,26081.0860155351
"193",1548,73531.2921930906,26204.9578369419
"194",1550,73631.8011308982,26287.5396129653
"195",1553,73782.5645376094,26411.4131090902
"196",1555,73883.0734754169,26493.9959885148
"197",1558,74033.8368821281,26617.8711204499
"198",1560,74134.3458199357,26700.4550777395
"199",1563,74285.1092266469,26824.3318077723
"200",1565,74385.6181644544,26906.9168181727
"201",1568,74536.3815711656,27030.7951097408
"202",1570,74636.8905089732,27113.3811492495
"203",1575,74888.1628534919,27319.8480122352
"204",1580,75139.4351980106,27526.3173501562
"205",1585,75390.7075425294,27732.7891077354
"206",1590,75641.9798870481,27939.2632313286
"207",1595,75893.2522315669,28145.7396688655
"208",1598,76044.0156382781,28269.6266209887
"209",1599,76094.2701071819,28310.9224509126
"210",1600,76144.5245760856,28352.2183697919
"211",1603,76295.2879827969,28476.1066562928
"212",1604,76345.5424517006,28517.4029271353
"213",1605,76395.7969206044,28558.6992850149
"214",1610,76647.0692651232,28765.182366851
"215",1615,76898.3416096419,28971.6675689752
"216",1620,77149.6139541607,29178.1548463736
"217",1625,77400.8862986794,29384.644155297
"218",1630,77652.1586431982,29591.1354532172
"219",1635,77903.4309877169,29797.628698784
"220",1640,78154.7033322356,30004.1238517853
"221",1645,78405.9756767544,30210.6208731083
"222",1650,78657.2480212731,30417.1197247016
"223",1655,78908.5203657919,30623.6203695402
"224",1660,79159.7927103107,30830.1227715902
"225",1665,79411.0650548294,31036.626895777
"226",1670,79662.3373993482,31243.1327079528
"227",1675,79913.6097438669,31449.6401748663
"228",1680,80164.8820883857,31656.1492641336
"229",1685,80416.1544329044,31862.6599442104
"230",1690,80667.4267774231,32069.1721843642
"231",1695,80918.6991219419,32275.6859546493
"232",1700,81169.9714664606,32482.201225881
"233",1715,81923.7885000169,33101.7557643316
"234",1720,82175.0608445356,33308.2767619082
"235",1725,82426.3331890544,33514.7991251181
"236",1730,82677.6055335732,33721.3228288704
"237",1735,82928.8778780919,33927.8478486848
"238",1740,83180.1502226106,34134.3741606734
"239",1745,83431.4225671294,34340.9017415228
"240",1750,83682.6949116482,34547.430568477
"241",1755,83933.9672561669,34753.9606193206
"242",1760,84185.2396006857,34960.491872363
"243",1765,84436.5119452044,35167.0243064233
"244",1770,84687.7842897231,35373.5579008151
"245",1775,84939.0566342419,35580.0926353318
"246",1780,85190.3289787606,35786.6284902337
"247",1785,85441.6013232794,35993.1654462336
"248",1790,85692.8736677981,36199.7034844848
"249",1795,85944.1460123169,36406.242586568
"250",1800,86195.4183568357,36612.7827344792
"251",1803,86346.1817635469,36736.7073178854
"252",1805,86446.6907013544,36819.3239106187
"253",1808,86597.4541080656,36943.2491026776
"254",1810,86697.9630458732,37025.8660977791
"255",1813,86848.7264525844,37149.7918883504
"256",1815,86949.2353903919,37232.4092791348
"257",1818,87099.9987971032,37356.335658302
"258",1820,87200.5077349106,37438.9534382317
"259",1823,87351.2711416219,37562.8803962961
"260",1825,87451.7800794294,37645.4985589764
"261",1830,87703.0524239481,37852.0446256267
"262",1835,87954.3247684669,38058.5916227823
"263",1840,88205.5971129856,38265.1395353751
"264",1845,88456.8694575044,38471.6883486606
"265",1850,88708.1418020232,38678.2380482093
"266",1855,88959.4141465419,38884.788619898
"267",1860,89210.6864910607,39091.3400499023
"268",1865,89461.9588355794,39297.8923246879
